------------------------------------------------------------

Número de elementos del vector: 300

VECTOR: [4][93][22][14][31][81][31][94][65][46][36][16][96][83][71][60][91][96][47][2][53][72][51][26][87][75][22][64][48][78][43][1][22][62][59][31][80][53][77][90][93][25][87][45][18][88][18][80][19][63][58][40][14][19][74][10][83][65][6][54][11][52][20][25][76][72][81][11][94][62][29][79][10][97][89][94][69][45][33][97][93][18][66][31][73][31][82][38][86][24][22][8][10][94][53][50][36][60][59][73][87][35][95][73][66][58][52][94][44][58][36][4][10][19][64][54][32][83][11][46][38][54][4][85][59][63][84][92][23][45][2][97][53][16][27][2][95][65][2][2][78][54][27][69][19][81][21][73][41][55][97][87][1][24][39][94][56][76][74][22][40][97][14][33][28][31][96][76][18][98][85][78][27][2][25][88][12][65][27][71][73][58][46][70][78][96][34][33][16][63][61][51][11][40][69][92][80][53][27][30][59][67][59][84][63][24][29][71][33][47][63][47][45][59][69][47][98][69][3][42][6][70][44][85][3][7][75][63][14][81][90][72][7][15][9][22][79][91][57][11][47][95][11][81][27][80][30][88][66][16][50][84][66][64][60][6][36][53][80][22][30][87][73][98][94][73][22][73][13][30][12][15][70][79][50][39][35][53][70][50][77][91][65][40][69][54][8][15][18][78][76][17][32][97][51][95][38][61][48][78]

El número mayor es: 98
El número menor es: 1

El número mayor se repite 3 veces.
El número menor se repite 2 veces.
------------------------------------------------------------
