[2	] [5	] [4	] [-1	] [-3	] [-6	] [34	] [45	] [-3	] [-8	] [-67	] [-99	] 
[15	] [-10	] [5	] [6	] [7	] [5	] [4	] [-3	] [-2	] [5	] [4	] [7	] 
[6	] [8	] [9	] [54	] [56	] [76	] [78	] [34	] [23	] [45	] [67	] [25	] 
[4	] [5	] [6	] [4	] [3	] [4	] [5	] [3	] [4	] [5	] [7	] [8	] 
[98	] [76	] [56	] [43	] [23	] [23	] [24	] [56	] [76	] [8	] [7	] [8	] 
[9	] [-2	] [-4	] [-7	] [-5	] [-9	] [-11	] [-7	] [5	] [4	] [-8	] [9	] 
[1	] [5	] [4	] [3	] [6	] [5	] [7	] [-5	] [-8	] [-87	] [-13	] [-25	] 
[63	] [-34	] [54	] [67	] [5	] [4	] [3	] [6	] [7	] [2	] [8	] [7	] 
[6	] [-9	] [-76	] [76	] [54	] [34	] [23	] [54	] [76	] [8	] [6	] [5	] 
[4	] [3	] [2	] [89	] [1	] [-6	] [-99	] [-67	] [-5	] [-4	] [-3	] [-67	] 
[43	] [-56	] [-4	] [6	] [7	] [5	] [4	] [3	] [7	] [6	] [-3	] [-2	] 
[5	] [4	] [-5	] [-34	] [-56	] [-71	] [34	] [35	] [43	] [45	] [76	] [87	] 
[23	] [24	] [25	] [-6	] [-7	] [-76	] [-14	] [9	] [6	] [7	] [5	] [3	] 
[2	] [4	] [1	] [-15	] [-4	] [-7	] [-8	] [-45	] [-67	] [45	] [32	] [45	] 
[67	] [43	] [25	] [67	] [34	] [-15	] [6	] [7	] [3	] [4	] [5	] [-12	] 

El menor elemento del arreglo es: -99

La suma de los elementos de las cinco primeras filas del arreglo es: 983

El total de elementos negativos en las columnas de la quinta a la nueve es: 26
